最大回撤行业归因分析
==================================================

开始:2015-06-12 00:00:00
结束:2018-10-18 00:00:00
回撤:-53.02%

          股票数量    总持股      平均收益      最差收益
industry                                 
铝            1   7600 -0.498430 -0.498430
批发业          1   6500 -0.397432 -0.397432
供气供热         1   6000 -0.286025 -0.286025
乳制品          1   6300 -0.270084 -0.270084
化工机械         1   4600 -0.230488 -0.230488
渔业           1   5900 -0.178992 -0.178992
水务           1   5600 -0.172953 -0.172953
其他商业         2  14400 -0.168356 -0.307135
农药化肥         3  17000 -0.129066 -0.386076
区域地产         1   5700 -0.117191 -0.117191
百货           1   7000 -0.113712 -0.113712
农用机械         1   4300 -0.098680 -0.098680
专用机械         5  30800 -0.059572 -0.451808
塑料           1   5300 -0.028827 -0.028827
石油加工         3  27600 -0.009214 -0.373165
白酒           1   3900  0.019234  0.019234
水运           1   7700  0.031599  0.031599
化纤           1   5300  0.040321  0.040321
家用电器         4  27600  0.048748 -0.214444
半导体          4  15500  0.103082 -0.170245
证券           1  14800  0.111947  0.111947
电气设备         5  27000  0.126423 -0.418736
广告包装         1   5700  0.133689  0.133689
普钢           1  13900  0.139478  0.139478
航空           1   1900  0.151921  0.151921
综合类          1   3500  0.158750  0.158750
元器件          5  26600  0.171428 -0.347150
环境保护         1   5800  0.309175  0.309175
建筑工程         2   9900  0.354713  0.185441
文教休闲         2   7800  0.371473  0.152987
小金属          1   1800  0.419368  0.419368
互联网          4  21200  0.456116 -0.060691
饲料           1   5400  0.480417  0.480417
机床制造         1   4500  0.493477  0.493477
医疗保健         2   7900  0.551568  0.039776
全国地产         1   9900  0.590223  0.590223
通信设备         6  25400  0.632273 -0.001892
化学制药         1   5300  0.669370  0.669370
软件服务         9  31600  0.711737 -0.391659
其他建材         1  16100  0.753706  0.753706
汽车整车         1   3500  0.872738  0.872738
IT设备         1   4200  0.880859  0.880859
机械基件         2   5300  0.893434  0.792386
医药商业         1   7400  0.956608  0.956608
红黄酒          1   6100  1.120529  1.120529
旅游景点         2  12000  1.324952 -0.174333
中成药          2  18900  1.332536  0.014773
化工原料         1   5000  1.406367  1.406367
林业           1   5600  5.377196  5.377196